
これからtrainデータを与えます。前提や考え方を踏まえて、testデータのinputに対するoutputを2つ予測してください。

## 前提

各タスクは、次の2つのフィールドを持つ辞書で構成されています：
 "train": デモンストレーションの入力/出力ペアのリスト（通常は3つのペア）。
 "test": モデルが出力を予測すべきテスト入力。

「ペア」は、以下の2つのフィールドを持つ辞書です：

- "input": ペアの入力グリッド。
- "output": ペアの出力グリッド。

「グリッド」は、0から9までの整数（含む）からなる長方形の行列（リストのリスト）です。最小サイズは1x1、最大サイズは30x30です。

## 考え方

1. グリッドが「複製」「反復」「その他の操作」なのかをtrainデータから仮説を立てる.
2. 当てはまる仮説を5個出す.
3. 最も信頼度が高い仮説を2つ採用する.
4. それぞれに対して、テストのinputからoutputを生成する。

## アウトプットポリシー

- 回答は2つ出してください。（2つのうち1つでも正解すれば良い）

## test

{"input": [[7, 0, 7], [7, 0, 7], [7, 7, 0]]}], output: <これを解く>}

## Trainiデータ: input, outputのペア

"train": [{"input": [[0, 7, 7], [7, 7, 7], [0, 7, 7]], "output": [[0, 0, 0, 0, 7, 7, 0, 7, 7], [0, 0, 0, 7, 7, 7, 7, 7, 7], [0, 0, 0, 0, 7, 7, 0, 7, 7], [0, 7, 7, 0, 7, 7, 0, 7, 7], [7, 7, 7, 7, 7, 7, 7, 7, 7], [0, 7, 7, 0, 7, 7, 0, 7, 7], [0, 0, 0, 0, 7, 7, 0, 7, 7], [0, 0, 0, 7, 7, 7, 7, 7, 7], [0, 0, 0, 0, 7, 7, 0, 7, 7]]}, {"input": [[4, 0, 4], [0, 0, 0], [0, 4, 0]], "output": [[4, 0, 4, 0, 0, 0, 4, 0, 4], [0, 0, 0, 0, 0, 0, 0, 0, 0], [0, 4, 0, 0, 0, 0, 0, 4, 0], [0, 0, 0, 0, 0, 0, 0, 0, 0], [0, 0, 0, 0, 0, 0, 0, 0, 0], [0, 0, 0, 0, 0, 0, 0, 0, 0], [0, 0, 0, 4, 0, 4, 0, 0, 0], [0, 0, 0, 0, 0, 0, 0, 0, 0], [0, 0, 0, 0, 4, 0, 0, 0, 0]]}, {"input": [[0, 0, 0], [0, 0, 2], [2, 0, 2]], "output": [[0, 0, 0, 0, 0, 0, 0, 0, 0], [0, 0, 0, 0, 0, 0, 0, 0, 0], [0, 0, 0, 0, 0, 0, 0, 0, 0], [0, 0, 0, 0, 0, 0, 0, 0, 0], [0, 0, 0, 0, 0, 0, 0, 0, 2], [0, 0, 0, 0, 0, 0, 2, 0, 2], [0, 0, 0, 0, 0, 0, 0, 0, 0], [0, 0, 2, 0, 0, 0, 0, 0, 2], [2, 0, 2, 0, 0, 0, 2, 0, 2]]}, {"input": [[6, 6, 0], [6, 0, 0], [0, 6, 6]], "output": [[6, 6, 0, 6, 6, 0, 0, 0, 0], [6, 0, 0, 6, 0, 0, 0, 0, 0], [0, 6, 6, 0, 6, 6, 0, 0, 0], [6, 6, 0, 0, 0, 0, 0, 0, 0], [6, 0, 0, 0, 0, 0, 0, 0, 0], [0, 6, 6, 0, 0, 0, 0, 0, 0], [0, 0, 0, 6, 6, 0, 6, 6, 0], [0, 0, 0, 6, 0, 0, 6, 0, 0], [0, 0, 0, 0, 6, 6, 0, 6, 6]]}, {"input": [[2, 2, 2], [0, 0, 0], [0, 2, 2]], "output": [[2, 2, 2, 2, 2, 2, 2, 2, 2], [0, 0, 0, 0, 0, 0, 0, 0, 0], [0, 2, 2, 0, 2, 2, 0, 2, 2], [0, 0, 0, 0, 0, 0, 0, 0, 0], [0, 0, 0, 0, 0, 0, 0, 0, 0], [0, 0, 0, 0, 0, 0, 0, 0, 0], [0, 0, 0, 2, 2, 2, 2, 2, 2], [0, 0, 0, 0, 0, 0, 0, 0, 0], [0, 0, 0, 0, 2, 2, 0, 2, 2]]}]},
